#!/usr/bin/env node

/**
 * Module dependencies.
 */

var app = require('../app');
var http = require('http');

/**
 * Get port from environment and store in Express.
 */

var port = normalizePort(process.env.PORT || '3000');
app.set('port', port);

/**
 * Create HTTP server.
 */

var server = http.createServer(app);

/**
 * Listen on provided port, on all network interfaces.
 */

server.listen(port);
server.on('error', onError);
server.on('listening', onListening);

/**
 * Normalize a port into a number, string, or false.
 */

function normalizePort(val) {
  var port = parseInt(val, 10);

  if (isNaN(port)) {
    // named pipe
    return val;
  }

  if (port >= 0) {
    // port number
    return port;
  }

  return false;
}

/**
 * Event listener for HTTP server "error" event.
 */

function onError(error) {
  if (error.syscall !== 'listen') {
    throw error;
  }

  var bind = typeof port === 'string'
    ? 'Pipe ' + port
    : 'Port ' + port;

  // handle specific listen errors with friendly messages
  switch (error.code) {
    case 'EACCES':
      console.error(bind + ' requires elevated privileges');
      process.exit(1);
      break;
    case 'EADDRINUSE':
      console.error(bind + ' is already in use');
      process.exit(1);
      break;
    default:
      throw error;
  }
}

/**
 * Event listener for HTTP server "listening" event.
 */

function onListening() {
  var addr = server.address();
  var bind = typeof addr === 'string'
    ? 'pipe ' + addr
	: 'port ' + addr.port;

  for (let line of startupMessage.split("\n")) {
    console.log(line);
  }

  console.log('Server listening on ' + bind + ' ');
}

const startupMessage = `
[38;5;1;48;5;16m [38;5;1;48;5;16m [38;5;1;48;5;16m [38;5;1;48;5;16m [38;5;1;48;5;16m [38;5;1;48;5;16m [38;5;1;48;5;16m [38;5;1;48;5;16m [38;5;1;48;5;16m [38;5;1;48;5;16m [38;5;1;48;5;16m [38;5;1;48;5;16m [38;5;1;48;5;16m [38;5;1;48;5;16m [38;5;1;48;5;16m [38;5;1;48;5;16m [38;5;1;48;5;16m [38;5;1;48;5;16m [38;5;1;48;5;16m [38;5;1;48;5;16m [38;5;1;48;5;16m [38;5;1;48;5;16m [38;5;1;48;5;16m [38;5;1;48;5;16m [38;5;1;48;5;16m [38;5;1;48;5;16m [38;5;1;48;5;16m [38;5;1;48;5;16m [38;5;1;48;5;16m [38;5;1;48;5;16m [38;5;1;48;5;16m [38;5;1;48;5;16m [38;5;1;48;5;16m [38;5;1;48;5;16m [38;5;1;48;5;16m [38;5;1;48;5;16m [38;5;1;48;5;16m [38;5;1;48;5;16m [38;5;1;48;5;16m [38;5;1;48;5;16m [38;5;1;48;5;16m [38;5;1;48;5;16m [38;5;1;48;5;16m [38;5;1;48;5;16m [38;5;1;48;5;16m [38;5;1;48;5;16m [38;5;54;48;5;39m [38;5;54;48;5;39m [38;5;54;48;5;39m [38;5;1;48;5;16m [38;5;1;48;5;16m [38;5;1;48;5;16m [38;5;1;48;5;16m [38;5;1;48;5;16m [38;5;1;48;5;16m [38;5;1;48;5;16m [38;5;1;48;5;16m [38;5;1;48;5;16m [38;5;1;48;5;16m [38;5;1;48;5;16m [38;5;1;48;5;16m [38;5;1;48;5;16m [38;5;1;48;5;16m [38;5;1;48;5;16m [38;5;1;48;5;16m [38;5;1;48;5;16m [38;5;1;48;5;16m [38;5;1;48;5;16m [38;5;1;48;5;16m [38;5;1;48;5;16m [38;5;1;48;5;16m [38;5;1;48;5;16m [38;5;1;48;5;16m [38;5;1;48;5;16m [38;5;1;48;5;16m [38;5;1;48;5;16m [38;5;1;48;5;16m [38;5;1;48;5;16m [38;5;1;48;5;16m [38;5;1;48;5;16m [0m
[38;5;1;48;5;16m [38;5;1;48;5;16m [38;5;1;48;5;16m [38;5;1;48;5;16m [38;5;1;48;5;16m [38;5;1;48;5;16m [38;5;1;48;5;16m [38;5;1;48;5;16m [38;5;1;48;5;16m [38;5;1;48;5;16m [38;5;1;48;5;16m [38;5;1;48;5;16m [38;5;1;48;5;16m [38;5;1;48;5;16m [38;5;1;48;5;16m [38;5;1;48;5;16m [38;5;1;48;5;16m [38;5;1;48;5;16m [38;5;1;48;5;16m [38;5;1;48;5;16m [38;5;1;48;5;16m [38;5;1;48;5;16m [38;5;1;48;5;16m [38;5;1;48;5;16m [38;5;1;48;5;16m [38;5;1;48;5;16m [38;5;1;48;5;16m [38;5;1;48;5;16m [38;5;1;48;5;16m [38;5;1;48;5;16m [38;5;1;48;5;16m [38;5;1;48;5;16m [38;5;1;48;5;16m [38;5;39;48;5;39m [38;5;21;48;5;45m [38;5;1;48;5;16m [38;5;1;48;5;16m [38;5;1;48;5;16m [38;5;1;48;5;16m [38;5;1;48;5;16m [38;5;1;48;5;16m [38;5;1;48;5;16m [38;5;1;48;5;16m [38;5;1;48;5;16m [38;5;1;48;5;16m [38;5;1;48;5;16m [38;5;92;48;5;45m [38;5;45;48;5;45m [38;5;45;48;5;45m [38;5;45;48;5;45m [38;5;45;48;5;45m [38;5;93;48;5;45m锟解[38;5;1;48;5;16m [38;5;1;48;5;16m [38;5;1;48;5;16m [38;5;1;48;5;16m [38;5;1;48;5;16m [38;5;1;48;5;16m [38;5;1;48;5;16m [38;5;1;48;5;16m [38;5;1;48;5;16m [38;5;1;48;5;16m [38;5;1;48;5;16m [38;5;1;48;5;16m [38;5;1;48;5;16m [38;5;1;48;5;16m [38;5;1;48;5;16m [38;5;1;48;5;16m [38;5;1;48;5;16m [38;5;1;48;5;16m [38;5;1;48;5;16m [38;5;1;48;5;16m [38;5;1;48;5;16m [38;5;1;48;5;16m [38;5;1;48;5;16m [38;5;1;48;5;16m [38;5;1;48;5;16m [38;5;1;48;5;16m [38;5;1;48;5;16m [38;5;1;48;5;16m [0m
[38;5;1;48;5;16m [38;5;1;48;5;16m [38;5;1;48;5;16m [38;5;1;48;5;16m [38;5;1;48;5;16m [38;5;1;48;5;16m [38;5;1;48;5;16m [38;5;1;48;5;16m [38;5;1;48;5;16m [38;5;1;48;5;16m [38;5;1;48;5;16m [38;5;1;48;5;16m [38;5;1;48;5;16m [38;5;1;48;5;16m [38;5;1;48;5;16m [38;5;1;48;5;16m [38;5;1;48;5;16m [38;5;1;48;5;16m [38;5;1;48;5;16m [38;5;1;48;5;16m [38;5;1;48;5;16m [38;5;1;48;5;16m [38;5;1;48;5;16m [38;5;1;48;5;16m [38;5;1;48;5;16m [38;5;1;48;5;16m [38;5;1;48;5;16m [38;5;1;48;5;16m [38;5;1;48;5;16m [38;5;1;48;5;16m [38;5;1;48;5;16m [38;5;1;48;5;16m [38;5;1;48;5;16m [38;5;39;48;5;39m [38;5;45;48;5;45m [38;5;45;48;5;45m [38;5;1;48;5;16m [38;5;1;48;5;16m [38;5;1;48;5;16m [38;5;1;48;5;16m [38;5;1;48;5;16m [38;5;1;48;5;16m [38;5;1;48;5;16m [38;5;1;48;5;16m [38;5;1;48;5;16m [38;5;1;48;5;16m [38;5;1;48;5;16m [38;5;92;48;5;45m [38;5;45;48;5;45m [38;5;45;48;5;45m [38;5;45;48;5;45m [38;5;45;48;5;45m [38;5;45;48;5;45m [38;5;45;48;5;45m [38;5;92;48;5;45m [38;5;1;48;5;16m [38;5;1;48;5;16m [38;5;1;48;5;16m [38;5;1;48;5;16m [38;5;1;48;5;16m [38;5;1;48;5;16m [38;5;1;48;5;16m [38;5;1;48;5;16m [38;5;1;48;5;16m [38;5;1;48;5;16m [38;5;1;48;5;16m [38;5;1;48;5;16m [38;5;1;48;5;16m [38;5;1;48;5;16m [38;5;1;48;5;16m [38;5;1;48;5;16m [38;5;1;48;5;16m [38;5;1;48;5;16m [38;5;1;48;5;16m [38;5;1;48;5;16m [38;5;1;48;5;16m [38;5;1;48;5;16m [38;5;1;48;5;16m [38;5;1;48;5;16m [38;5;1;48;5;16m [0m
[38;5;1;48;5;16m [38;5;1;48;5;16m [38;5;1;48;5;16m [38;5;1;48;5;16m [38;5;1;48;5;16m [38;5;1;48;5;16m [38;5;1;48;5;16m [38;5;1;48;5;16m [38;5;1;48;5;16m [38;5;1;48;5;16m [38;5;1;48;5;16m [38;5;1;48;5;16m [38;5;1;48;5;16m [38;5;1;48;5;16m [38;5;1;48;5;16m [38;5;1;48;5;16m [38;5;1;48;5;16m [38;5;1;48;5;16m [38;5;1;48;5;16m [38;5;1;48;5;16m [38;5;1;48;5;16m [38;5;1;48;5;16m [38;5;1;48;5;16m [38;5;1;48;5;16m [38;5;1;48;5;16m [38;5;1;48;5;16m [38;5;1;48;5;16m [38;5;1;48;5;16m [38;5;1;48;5;16m [38;5;1;48;5;16m [38;5;1;48;5;16m [38;5;1;48;5;16m [38;5;1;48;5;16m [38;5;99;48;5;39m [38;5;39;48;5;39m [38;5;45;48;5;45m [38;5;45;48;5;45m [38;5;1;48;5;16m [38;5;1;48;5;16m [38;5;1;48;5;16m [38;5;1;48;5;16m [38;5;1;48;5;16m [38;5;1;48;5;16m [38;5;1;48;5;16m [38;5;1;48;5;16m [38;5;1;48;5;16m [38;5;1;48;5;16m [38;5;1;48;5;16m [38;5;39;48;5;39m [38;5;39;48;5;39m [38;5;39;48;5;39m [38;5;39;48;5;39m [38;5;31;48;5;45m [38;5;45;48;5;45m [38;5;45;48;5;45m [38;5;45;48;5;45m [38;5;1;48;5;16m [38;5;1;48;5;16m [38;5;1;48;5;16m [38;5;1;48;5;16m [38;5;1;48;5;16m [38;5;204;48;5;17m [38;5;204;48;5;17m [38;5;92;48;5;45m [38;5;54;48;5;39m [38;5;92;48;5;45m [38;5;92;48;5;45m [38;5;92;48;5;45m [38;5;92;48;5;45m [38;5;92;48;5;45m [38;5;92;48;5;45m [38;5;212;48;5;24m [38;5;204;48;5;17m [38;5;1;48;5;16m [38;5;1;48;5;16m [38;5;1;48;5;16m [38;5;1;48;5;16m [38;5;1;48;5;16m [38;5;1;48;5;16m [38;5;1;48;5;16m [0m
[38;5;1;48;5;16m [38;5;1;48;5;16m [38;5;1;48;5;16m [38;5;1;48;5;16m [38;5;1;48;5;16m [38;5;1;48;5;16m [38;5;1;48;5;16m [38;5;1;48;5;16m [38;5;1;48;5;16m [38;5;1;48;5;16m [38;5;1;48;5;16m [38;5;1;48;5;16m [38;5;1;48;5;16m [38;5;1;48;5;16m [38;5;1;48;5;16m [38;5;1;48;5;16m [38;5;1;48;5;16m [38;5;1;48;5;16m [38;5;1;48;5;16m [38;5;1;48;5;16m [38;5;1;48;5;16m [38;5;1;48;5;16m [38;5;1;48;5;16m [38;5;1;48;5;16m [38;5;1;48;5;16m [38;5;1;48;5;16m [38;5;1;48;5;16m [38;5;1;48;5;16m [38;5;1;48;5;16m [38;5;1;48;5;16m [38;5;1;48;5;16m [38;5;1;48;5;16m [38;5;1;48;5;16m [38;5;125;48;5;24m [38;5;39;48;5;39m [38;5;117;48;5;39m [38;5;45;48;5;45m [38;5;45;48;5;45m [38;5;1;48;5;16m [38;5;1;48;5;16m [38;5;92;48;5;45m [38;5;55;48;5;39m [38;5;1;48;5;16m [38;5;1;48;5;16m [38;5;1;48;5;16m [38;5;92;48;5;45m [38;5;92;48;5;39m [38;5;62;48;5;17m锟解[38;5;62;48;5;17m锟解[38;5;62;48;5;17m锟解[38;5;62;48;5;17m锟解[38;5;62;48;5;17m锟解[38;5;62;48;5;17m锟解[38;5;62;48;5;17m锟解[38;5;69;48;5;18m锟解[38;5;45;48;5;45m [38;5;45;48;5;45m [38;5;45;48;5;45m [38;5;45;48;5;45m [38;5;45;48;5;45m [38;5;45;48;5;45m [38;5;45;48;5;45m [38;5;45;48;5;45m [38;5;45;48;5;45m [38;5;45;48;5;45m [38;5;45;48;5;45m [38;5;45;48;5;45m [38;5;45;48;5;45m [38;5;45;48;5;45m [38;5;45;48;5;45m [38;5;45;48;5;45m [38;5;45;48;5;45m [38;5;45;48;5;45m [38;5;45;48;5;45m [38;5;45;48;5;45m [38;5;45;48;5;45m [38;5;45;48;5;45m [38;5;45;48;5;45m [38;5;45;48;5;45m [38;5;99;48;5;45m [0m
[38;5;1;48;5;16m [38;5;1;48;5;16m [38;5;1;48;5;16m [38;5;1;48;5;16m [38;5;1;48;5;16m [38;5;1;48;5;16m [38;5;1;48;5;16m [38;5;1;48;5;16m [38;5;1;48;5;16m [38;5;1;48;5;16m [38;5;1;48;5;16m [38;5;1;48;5;16m [38;5;1;48;5;16m [38;5;1;48;5;16m [38;5;1;48;5;16m [38;5;1;48;5;16m [38;5;1;48;5;16m [38;5;1;48;5;16m [38;5;1;48;5;16m [38;5;1;48;5;16m [38;5;1;48;5;16m [38;5;1;48;5;16m [38;5;1;48;5;16m [38;5;1;48;5;16m [38;5;1;48;5;16m [38;5;1;48;5;16m [38;5;1;48;5;16m [38;5;1;48;5;16m [38;5;1;48;5;16m [38;5;1;48;5;16m [38;5;1;48;5;16m [38;5;1;48;5;16m [38;5;1;48;5;16m [38;5;1;48;5;16m [38;5;39;48;5;39m [38;5;39;48;5;39m [38;5;39;48;5;39m [38;5;45;48;5;45m [38;5;45;48;5;45m [38;5;45;48;5;45m [38;5;45;48;5;45m [38;5;45;48;5;45m [38;5;45;48;5;45m [38;5;45;48;5;45m [38;5;45;48;5;45m [38;5;39;48;5;39m [38;5;62;48;5;17m锟解[38;5;62;48;5;17m锟解[38;5;62;48;5;17m锟解[38;5;62;48;5;17m锟解[38;5;62;48;5;17m锟解[38;5;62;48;5;17m锟解[38;5;62;48;5;17m锟解[38;5;45;48;5;45m [38;5;45;48;5;45m [38;5;25;48;5;33m [38;5;45;48;5;45m [38;5;45;48;5;45m [38;5;38;48;5;45m [38;5;45;48;5;45m [38;5;45;48;5;45m [38;5;45;48;5;45m [38;5;45;48;5;45m [38;5;231;48;5;231m锟解[38;5;226;48;5;226m [38;5;226;48;5;226m [38;5;226;48;5;226m [38;5;227;48;5;227m [38;5;45;48;5;45m [38;5;45;48;5;45m [38;5;45;48;5;45m [38;5;45;48;5;45m [38;5;45;48;5;45m [38;5;45;48;5;45m [38;5;45;48;5;45m [38;5;45;48;5;45m [38;5;45;48;5;45m [38;5;45;48;5;45m [38;5;45;48;5;45m [38;5;45;48;5;45m [0m
[38;5;1;48;5;16m [38;5;1;48;5;16m [38;5;105;48;5;122m锟解[38;5;32;48;5;159m锟解[38;5;1;48;5;16m [38;5;1;48;5;16m [38;5;1;48;5;16m [38;5;1;48;5;16m [38;5;1;48;5;16m [38;5;1;48;5;16m [38;5;1;48;5;16m [38;5;1;48;5;16m [38;5;211;48;5;234m锟解[38;5;39;48;5;159m锟解[38;5;1;48;5;16m [38;5;57;48;5;51m锟解[38;5;57;48;5;51m锟解[38;5;1;48;5;16m [38;5;1;48;5;16m [38;5;27;48;5;159m [38;5;117;48;5;159m锟解[38;5;39;48;5;159m锟解[38;5;75;48;5;159m锟解[38;5;1;48;5;16m [38;5;1;48;5;16m [38;5;75;48;5;159m锟解[38;5;25;48;5;159m锟解[38;5;1;48;5;16m [38;5;1;48;5;16m [38;5;1;48;5;16m [38;5;1;48;5;16m [38;5;1;48;5;16m [38;5;1;48;5;16m [38;5;39;48;5;39m [38;5;39;48;5;39m [38;5;39;48;5;39m [38;5;39;48;5;39m [38;5;39;48;5;39m [38;5;39;48;5;39m [38;5;39;48;5;39m [38;5;39;48;5;39m [38;5;39;48;5;39m [38;5;39;48;5;39m [38;5;31;48;5;39m [38;5;31;48;5;39m [38;5;56;48;5;239m锟解[38;5;56;48;5;239m锟解[38;5;56;48;5;239m锟解[38;5;56;48;5;239m锟解[38;5;56;48;5;239m锟解[38;5;56;48;5;239m锟解[38;5;56;48;5;239m锟解[38;5;39;48;5;39m [38;5;39;48;5;39m [38;5;39;48;5;39m [38;5;32;48;5;39m [38;5;32;48;5;33m [38;5;39;48;5;39m [38;5;39;48;5;39m [38;5;39;48;5;39m [38;5;39;48;5;39m [38;5;45;48;5;81m [38;5;231;48;5;231m锟解[38;5;226;48;5;226m [38;5;62;48;5;17m锟解[38;5;4;48;5;17m锟解[38;5;62;48;5;17m锟解[38;5;62;48;5;17m锟解[38;5;226;48;5;226m [38;5;117;48;5;39m [38;5;39;48;5;39m [38;5;39;48;5;39m [38;5;39;48;5;39m [38;5;39;48;5;39m [38;5;39;48;5;39m [38;5;39;48;5;39m [38;5;39;48;5;39m [38;5;39;48;5;39m [38;5;39;48;5;39m [38;5;171;48;5;39m [0m
[38;5;1;48;5;16m [38;5;1;48;5;16m [38;5;69;48;5;122m锟解[38;5;1;48;5;16m [38;5;1;48;5;16m [38;5;1;48;5;16m [38;5;1;48;5;16m [38;5;1;48;5;16m [38;5;1;48;5;16m [38;5;1;48;5;16m [38;5;1;48;5;16m [38;5;1;48;5;16m [38;5;1;48;5;16m [38;5;32;48;5;159m锟解[38;5;195;48;5;195m锟解[38;5;33;48;5;159m锟解[38;5;75;48;5;159m锟解[38;5;25;48;5;195m [38;5;1;48;5;16m [38;5;1;48;5;16m [38;5;1;48;5;16m [38;5;1;48;5;16m [38;5;211;48;5;234m [38;5;1;48;5;16m [38;5;99;48;5;73m锟解[38;5;99;48;5;159m锟解[38;5;161;48;5;26m锟解[38;5;21;48;5;87m锟解[38;5;159;48;5;159m [38;5;51;48;5;51m [38;5;51;48;5;51m [38;5;51;48;5;51m [38;5;51;48;5;51m [38;5;51;48;5;51m [38;5;51;48;5;51m [38;5;51;48;5;51m [38;5;51;48;5;51m [38;5;51;48;5;51m [38;5;136;48;5;253m锟解[38;5;136;48;5;253m锟解[38;5;136;48;5;253m锟解[38;5;178;48;5;253m锟解[38;5;226;48;5;226m [38;5;226;48;5;226m [38;5;226;48;5;226m [38;5;226;48;5;226m [38;5;226;48;5;226m [38;5;226;48;5;226m [38;5;226;48;5;226m [38;5;226;48;5;226m [38;5;226;48;5;226m [38;5;226;48;5;226m [38;5;231;48;5;231m锟解[38;5;226;48;5;226m [38;5;226;48;5;226m [38;5;25;48;5;33m [38;5;117;48;5;39m [38;5;39;48;5;39m [38;5;39;48;5;39m [38;5;39;48;5;39m [38;5;39;48;5;39m [38;5;39;48;5;39m [38;5;231;48;5;231m锟解[38;5;227;48;5;227m [38;5;226;48;5;226m [38;5;62;48;5;17m锟解[38;5;62;48;5;17m锟解[38;5;93;48;5;239m锟解[38;5;230;48;5;230m [38;5;39;48;5;39m [38;5;39;48;5;39m [38;5;39;48;5;39m [38;5;39;48;5;39m [38;5;39;48;5;39m [38;5;39;48;5;39m [38;5;39;48;5;39m [38;5;39;48;5;39m [38;5;39;48;5;39m [38;5;1;48;5;16m [38;5;1;48;5;16m [0m
[38;5;1;48;5;16m [38;5;1;48;5;16m [38;5;75;48;5;159m锟解[38;5;1;48;5;16m [38;5;1;48;5;16m [38;5;1;48;5;16m [38;5;1;48;5;16m [38;5;1;48;5;16m [38;5;1;48;5;16m [38;5;117;48;5;159m锟解[38;5;1;48;5;16m [38;5;1;48;5;16m [38;5;1;48;5;16m [38;5;1;48;5;16m [38;5;75;48;5;159m锟解[38;5;21;48;5;159m锟解[38;5;39;48;5;159m [38;5;1;48;5;16m [38;5;1;48;5;16m [38;5;1;48;5;16m [38;5;135;48;5;45m锟解[38;5;57;48;5;87m锟解[38;5;21;48;5;87m锟解[38;5;51;48;5;51m [38;5;51;48;5;51m [38;5;51;48;5;51m [38;5;51;48;5;51m [38;5;51;48;5;51m [38;5;51;48;5;51m [38;5;51;48;5;51m [38;5;123;48;5;123m [38;5;195;48;5;195m [38;5;195;48;5;195m [38;5;195;48;5;195m [38;5;195;48;5;195m [38;5;195;48;5;195m [38;5;195;48;5;195m [38;5;195;48;5;195m [38;5;136;48;5;253m锟解[38;5;136;48;5;253m锟解[38;5;221;48;5;224m锟解[38;5;94;48;5;253m锟解[38;5;226;48;5;226m [38;5;226;48;5;226m [38;5;226;48;5;226m [38;5;226;48;5;226m [38;5;226;48;5;226m [38;5;226;48;5;226m [38;5;226;48;5;226m [38;5;226;48;5;226m [38;5;226;48;5;226m [38;5;226;48;5;226m [38;5;226;48;5;226m [38;5;226;48;5;226m [38;5;226;48;5;226m [38;5;117;48;5;39m [38;5;39;48;5;39m [38;5;39;48;5;39m [38;5;39;48;5;39m [38;5;39;48;5;39m [38;5;39;48;5;39m [38;5;39;48;5;39m [38;5;39;48;5;39m [38;5;231;48;5;231m锟解[38;5;231;48;5;231m锟解[38;5;231;48;5;231m锟解[38;5;231;48;5;231m锟解[38;5;231;48;5;231m锟解[38;5;39;48;5;39m [38;5;39;48;5;39m [38;5;39;48;5;39m [38;5;39;48;5;39m [38;5;39;48;5;39m [38;5;39;48;5;39m [38;5;39;48;5;39m [38;5;117;48;5;39m [38;5;1;48;5;16m [38;5;1;48;5;16m [38;5;1;48;5;16m [38;5;1;48;5;16m [0m
[38;5;1;48;5;16m [38;5;1;48;5;16m [38;5;1;48;5;16m [38;5;1;48;5;16m [38;5;1;48;5;16m [38;5;1;48;5;16m [38;5;1;48;5;16m [38;5;1;48;5;16m [38;5;1;48;5;16m [38;5;1;48;5;16m [38;5;1;48;5;16m [38;5;1;48;5;16m [38;5;1;48;5;16m [38;5;1;48;5;16m [38;5;1;48;5;16m [38;5;1;48;5;16m [38;5;1;48;5;16m [38;5;1;48;5;16m [38;5;1;48;5;16m [38;5;1;48;5;16m [38;5;1;48;5;16m [38;5;57;48;5;87m锟解[38;5;1;48;5;16m [38;5;1;48;5;16m [38;5;1;48;5;16m [38;5;1;48;5;16m [38;5;1;48;5;16m [38;5;1;48;5;16m [38;5;1;48;5;16m [38;5;1;48;5;16m [38;5;1;48;5;16m [38;5;55;48;5;45m锟解[38;5;57;48;5;87m锟解[38;5;57;48;5;51m锟解[38;5;57;48;5;87m锟解[38;5;99;48;5;87m锟解[38;5;141;48;5;87m锟解[38;5;57;48;5;51m锟解[38;5;166;48;5;249m锟解[38;5;166;48;5;249m锟解[38;5;166;48;5;249m锟解[38;5;43;48;5;145m锟解[38;5;119;48;5;226m [38;5;226;48;5;226m [38;5;226;48;5;226m [38;5;226;48;5;226m [38;5;226;48;5;226m [38;5;226;48;5;226m [38;5;226;48;5;226m [38;5;226;48;5;226m [38;5;226;48;5;226m [38;5;226;48;5;226m [38;5;226;48;5;226m [38;5;226;48;5;226m [38;5;62;48;5;17m锟解[38;5;39;48;5;39m [38;5;39;48;5;39m [38;5;39;48;5;39m [38;5;39;48;5;39m [38;5;200;48;5;213m [38;5;200;48;5;213m [38;5;26;48;5;75m [38;5;39;48;5;39m [38;5;39;48;5;39m [38;5;39;48;5;39m [38;5;38;48;5;45m [38;5;231;48;5;231m锟解[38;5;231;48;5;231m锟解[38;5;231;48;5;231m锟解[38;5;231;48;5;231m锟解[38;5;231;48;5;231m锟解[38;5;231;48;5;231m锟解[38;5;231;48;5;231m锟解[38;5;231;48;5;231m锟解[38;5;87;48;5;255m锟解[38;5;1;48;5;16m [38;5;1;48;5;16m [38;5;1;48;5;16m [38;5;1;48;5;16m [38;5;1;48;5;16m [0m
[38;5;1;48;5;16m [38;5;1;48;5;16m [38;5;1;48;5;16m [38;5;1;48;5;16m [38;5;1;48;5;16m [38;5;1;48;5;16m [38;5;1;48;5;16m [38;5;1;48;5;16m [38;5;1;48;5;16m [38;5;1;48;5;16m [38;5;1;48;5;16m [38;5;1;48;5;16m [38;5;1;48;5;16m [38;5;1;48;5;16m [38;5;1;48;5;16m [38;5;1;48;5;16m [38;5;1;48;5;16m [38;5;1;48;5;16m [38;5;1;48;5;16m [38;5;1;48;5;16m [38;5;1;48;5;16m [38;5;1;48;5;16m [38;5;1;48;5;16m [38;5;1;48;5;16m [38;5;1;48;5;16m [38;5;1;48;5;16m [38;5;1;48;5;16m [38;5;1;48;5;16m [38;5;1;48;5;16m [38;5;1;48;5;16m [38;5;1;48;5;16m [38;5;1;48;5;16m [38;5;1;48;5;16m [38;5;1;48;5;16m [38;5;1;48;5;16m [38;5;1;48;5;16m [38;5;1;48;5;16m [38;5;1;48;5;16m [38;5;1;48;5;16m [38;5;1;48;5;16m [38;5;1;48;5;16m [38;5;1;48;5;16m [38;5;1;48;5;16m [38;5;1;48;5;16m [38;5;167;48;5;17m锟解[38;5;62;48;5;17m锟解[38;5;62;48;5;17m锟解[38;5;62;48;5;17m锟解[38;5;62;48;5;17m锟解[38;5;39;48;5;39m [38;5;39;48;5;39m [38;5;39;48;5;39m [38;5;62;48;5;17m锟解[38;5;62;48;5;17m锟解[38;5;62;48;5;17m锟解[38;5;69;48;5;18m锟解[38;5;39;48;5;39m [38;5;39;48;5;39m [38;5;39;48;5;39m [38;5;200;48;5;213m [38;5;200;48;5;213m [38;5;200;48;5;213m [38;5;200;48;5;213m [38;5;219;48;5;219m [38;5;231;48;5;231m锟解[38;5;231;48;5;231m锟解[38;5;231;48;5;231m锟解[38;5;231;48;5;231m锟解[38;5;231;48;5;231m锟解[38;5;231;48;5;231m锟解[38;5;231;48;5;231m锟解[38;5;231;48;5;231m锟解[38;5;231;48;5;231m锟解[38;5;109;48;5;231m锟解[38;5;1;48;5;16m [38;5;1;48;5;16m [38;5;1;48;5;16m [38;5;1;48;5;16m [38;5;1;48;5;16m [38;5;1;48;5;16m [0m
[38;5;1;48;5;16m [38;5;1;48;5;16m [38;5;1;48;5;16m [38;5;1;48;5;16m [38;5;1;48;5;16m [38;5;1;48;5;16m [38;5;1;48;5;16m [38;5;1;48;5;16m [38;5;1;48;5;16m [38;5;1;48;5;16m [38;5;1;48;5;16m [38;5;1;48;5;16m [38;5;1;48;5;16m [38;5;1;48;5;16m [38;5;1;48;5;16m [38;5;1;48;5;16m [38;5;1;48;5;16m [38;5;1;48;5;16m [38;5;1;48;5;16m [38;5;1;48;5;16m [38;5;1;48;5;16m [38;5;1;48;5;16m [38;5;1;48;5;16m [38;5;1;48;5;16m [38;5;1;48;5;16m [38;5;1;48;5;16m [38;5;1;48;5;16m [38;5;1;48;5;16m [38;5;1;48;5;16m [38;5;1;48;5;16m [38;5;1;48;5;16m [38;5;1;48;5;16m [38;5;1;48;5;16m [38;5;1;48;5;16m [38;5;1;48;5;16m [38;5;1;48;5;16m [38;5;1;48;5;16m [38;5;1;48;5;16m [38;5;1;48;5;16m [38;5;1;48;5;16m [38;5;1;48;5;16m [38;5;1;48;5;16m [38;5;1;48;5;16m [38;5;1;48;5;16m [38;5;1;48;5;16m [38;5;1;48;5;16m [38;5;61;48;5;24m锟解[38;5;45;48;5;45m [38;5;45;48;5;45m [38;5;39;48;5;39m [38;5;39;48;5;39m [38;5;39;48;5;39m [38;5;111;48;5;24m [38;5;62;48;5;17m锟解[38;5;62;48;5;17m锟解[38;5;61;48;5;60m锟解[38;5;231;48;5;231m锟解[38;5;231;48;5;231m锟解[38;5;231;48;5;231m锟解[38;5;231;48;5;231m锟解[38;5;162;48;5;205m [38;5;162;48;5;205m [38;5;162;48;5;205m [38;5;89;48;5;212m [38;5;200;48;5;213m [38;5;200;48;5;213m [38;5;200;48;5;213m [38;5;200;48;5;213m [38;5;200;48;5;213m [38;5;1;48;5;16m [38;5;1;48;5;16m [38;5;1;48;5;16m [38;5;1;48;5;16m [38;5;1;48;5;16m [38;5;1;48;5;16m [38;5;1;48;5;16m [38;5;1;48;5;16m [38;5;1;48;5;16m [38;5;1;48;5;16m [38;5;1;48;5;16m [0m
[38;5;1;48;5;16m [38;5;1;48;5;16m [38;5;1;48;5;16m [38;5;1;48;5;16m [38;5;1;48;5;16m [38;5;1;48;5;16m [38;5;1;48;5;16m [38;5;1;48;5;16m [38;5;1;48;5;16m [38;5;1;48;5;16m [38;5;1;48;5;16m [38;5;1;48;5;16m [38;5;1;48;5;16m [38;5;27;48;5;123m锟解[38;5;1;48;5;16m [38;5;135;48;5;51m锟解[38;5;204;48;5;233m [38;5;1;48;5;16m [38;5;135;48;5;51m锟解[38;5;135;48;5;51m [38;5;1;48;5;16m [38;5;1;48;5;16m [38;5;1;48;5;16m [38;5;1;48;5;16m [38;5;1;48;5;16m [38;5;1;48;5;16m [38;5;1;48;5;16m [38;5;1;48;5;16m [38;5;1;48;5;16m [38;5;1;48;5;16m [38;5;1;48;5;16m [38;5;1;48;5;16m [38;5;1;48;5;16m [38;5;1;48;5;16m [38;5;1;48;5;16m [38;5;1;48;5;16m [38;5;1;48;5;16m [38;5;1;48;5;16m [38;5;1;48;5;16m [38;5;1;48;5;16m [38;5;1;48;5;16m [38;5;165;48;5;32m [38;5;135;48;5;39m [38;5;45;48;5;45m [38;5;45;48;5;45m [38;5;45;48;5;45m [38;5;45;48;5;45m [38;5;45;48;5;45m [38;5;45;48;5;45m [38;5;45;48;5;45m [38;5;39;48;5;39m [38;5;39;48;5;39m [38;5;62;48;5;17m锟解[38;5;62;48;5;17m锟解[38;5;62;48;5;17m锟解[38;5;231;48;5;231m锟解[38;5;231;48;5;231m锟解[38;5;231;48;5;231m锟解[38;5;231;48;5;231m锟解[38;5;231;48;5;231m锟解[38;5;231;48;5;231m锟解[38;5;231;48;5;231m锟解[38;5;231;48;5;231m锟解[38;5;162;48;5;205m [38;5;212;48;5;205m [38;5;162;48;5;205m [38;5;162;48;5;205m [38;5;200;48;5;213m [38;5;200;48;5;213m [38;5;200;48;5;213m [38;5;84;48;5;212m锟解[38;5;1;48;5;16m [38;5;1;48;5;16m [38;5;1;48;5;16m [38;5;1;48;5;16m [38;5;1;48;5;16m [38;5;1;48;5;16m [38;5;1;48;5;16m [38;5;1;48;5;16m [38;5;1;48;5;16m [0m
[38;5;1;48;5;16m [38;5;1;48;5;16m [38;5;1;48;5;16m [38;5;1;48;5;16m [38;5;1;48;5;16m [38;5;1;48;5;16m [38;5;1;48;5;16m [38;5;1;48;5;16m [38;5;1;48;5;16m [38;5;1;48;5;16m [38;5;1;48;5;16m [38;5;1;48;5;16m [38;5;1;48;5;16m [38;5;1;48;5;16m [38;5;1;48;5;16m [38;5;1;48;5;16m [38;5;1;48;5;16m [38;5;135;48;5;51m [38;5;45;48;5;231m锟解[38;5;1;48;5;16m [38;5;1;48;5;16m [38;5;99;48;5;51m锟解[38;5;1;48;5;16m [38;5;55;48;5;45m [38;5;1;48;5;16m [38;5;1;48;5;16m [38;5;1;48;5;16m [38;5;1;48;5;16m [38;5;1;48;5;16m [38;5;1;48;5;16m [38;5;56;48;5;51m锟解[38;5;45;48;5;231m锟解[38;5;56;48;5;51m [38;5;1;48;5;16m [38;5;111;48;5;87m锟解[38;5;69;48;5;87m锟解[38;5;1;48;5;16m [38;5;87;48;5;87m [38;5;141;48;5;51m锟解[38;5;39;48;5;39m [38;5;117;48;5;39m [38;5;39;48;5;39m [38;5;24;48;5;39m [38;5;39;48;5;39m [38;5;117;48;5;39m [38;5;39;48;5;39m [38;5;39;48;5;39m [38;5;39;48;5;39m [38;5;92;48;5;39m锟解[38;5;165;48;5;33m [38;5;231;48;5;231m锟解[38;5;231;48;5;231m锟解[38;5;231;48;5;231m锟解[38;5;231;48;5;231m锟解[38;5;231;48;5;231m锟解[38;5;231;48;5;231m锟解[38;5;231;48;5;231m锟解[38;5;231;48;5;231m锟解[38;5;231;48;5;231m锟解[38;5;231;48;5;231m锟解[38;5;231;48;5;231m锟解[38;5;231;48;5;231m锟解[38;5;231;48;5;231m锟解[38;5;231;48;5;231m锟解[38;5;231;48;5;231m锟解[38;5;231;48;5;231m锟解[38;5;199;48;5;212m [38;5;212;48;5;206m [38;5;225;48;5;225m [38;5;231;48;5;231m锟解[38;5;231;48;5;231m锟解[38;5;1;48;5;16m [38;5;1;48;5;16m [38;5;1;48;5;16m [38;5;1;48;5;16m [38;5;1;48;5;16m [38;5;1;48;5;16m [38;5;1;48;5;16m [38;5;1;48;5;16m [38;5;1;48;5;16m [0m
[38;5;1;48;5;16m [38;5;1;48;5;16m [38;5;1;48;5;16m [38;5;1;48;5;16m [38;5;1;48;5;16m [38;5;1;48;5;16m [38;5;1;48;5;16m [38;5;1;48;5;16m [38;5;1;48;5;16m [38;5;1;48;5;16m [38;5;1;48;5;16m [38;5;1;48;5;16m [38;5;1;48;5;16m [38;5;1;48;5;16m [38;5;1;48;5;16m [38;5;1;48;5;16m [38;5;1;48;5;16m [38;5;1;48;5;16m [38;5;1;48;5;16m [38;5;1;48;5;16m [38;5;1;48;5;16m [38;5;1;48;5;16m [38;5;1;48;5;16m [38;5;1;48;5;16m [38;5;1;48;5;16m [38;5;1;48;5;16m [38;5;1;48;5;16m [38;5;56;48;5;51m锟解[38;5;141;48;5;87m锟解[38;5;123;48;5;231m锟解[38;5;31;48;5;195m [38;5;57;48;5;73m锟解[38;5;1;48;5;16m [38;5;1;48;5;16m [38;5;1;48;5;16m [38;5;1;48;5;16m [38;5;51;48;5;51m [38;5;56;48;5;51m锟解[38;5;81;48;5;195m锟解[38;5;55;48;5;45m [38;5;99;48;5;51m锟解[38;5;177;48;5;38m [38;5;1;48;5;16m [38;5;1;48;5;16m [38;5;1;48;5;16m [38;5;1;48;5;16m [38;5;1;48;5;16m [38;5;1;48;5;16m [38;5;1;48;5;16m [38;5;1;48;5;16m [38;5;1;48;5;16m [38;5;1;48;5;16m [38;5;123;48;5;255m锟解[38;5;231;48;5;231m锟解[38;5;231;48;5;231m锟解[38;5;231;48;5;231m锟解[38;5;231;48;5;231m锟解[38;5;231;48;5;231m锟解[38;5;231;48;5;231m锟解[38;5;231;48;5;231m锟解[38;5;231;48;5;231m锟解[38;5;231;48;5;231m锟解[38;5;231;48;5;231m锟解[38;5;231;48;5;231m锟解[38;5;231;48;5;231m锟解[38;5;231;48;5;231m锟解[38;5;231;48;5;231m锟解[38;5;51;48;5;255m锟解[38;5;168;48;5;241m锟解[38;5;1;48;5;16m [38;5;1;48;5;16m [38;5;1;48;5;16m [38;5;1;48;5;16m [38;5;1;48;5;16m [38;5;1;48;5;16m [38;5;1;48;5;16m [38;5;1;48;5;16m [38;5;1;48;5;16m [38;5;1;48;5;16m [38;5;1;48;5;16m [0m
[0m
`
